Geometric Albedo

Wavelength	Metal-rich	Ultramafic	Feldspathic	Basaltic	Granitoid	Clay	Ice-rich-silicate	Fe-oxidized	
micron			

3.000000e-01	4.041302e-02	1.430157e-01	3.146426e-01	8.539959e-02	3.678677e-01	2.025172e-01	2.076205e-01	1.047863e-01	
3.026708e-01	4.096946e-02	1.445270e-01	3.203427e-01	9.216037e-02	3.760601e-01	2.071653e-01	2.128871e-01	1.079277e-01	
3.053655e-01	4.152653e-02	1.460460e-01	3.262518e-01	9.903031e-02	3.847155e-01	2.119184e-01	2.182923e-01	1.110950e-01	
3.080841e-01	4.309471e-02	1.475261e-01	3.322902e-01	1.061551e-01	3.928682e-01	2.203342e-01	2.238467e-01	1.144631e-01	
3.108269e-01	4.362300e-02	1.497550e-01	3.381821e-01	1.129670e-01	3.999390e-01	2.243350e-01	2.292090e-01	1.179505e-01	
3.135941e-01	4.391423e-02	1.526505e-01	3.439394e-01	1.193312e-01	4.065644e-01	2.281345e-01	2.342661e-01	1.213672e-01	
3.163860e-01	4.574694e-02	1.561127e-01	3.496562e-01	1.251097e-01	4.138448e-01	2.403781e-01	2.388966e-01	1.244228e-01	
3.192027e-01	4.884501e-02	1.601951e-01	3.552451e-01	1.302898e-01	4.186886e-01	2.493533e-01	2.430784e-01	1.267252e-01	
3.220445e-01	5.107114e-02	1.648131e-01	3.606215e-01	1.351139e-01	4.227826e-01	2.558178e-01	2.469992e-01	1.283372e-01	
3.249116e-01	5.076372e-02	1.700795e-01	3.656053e-01	1.395914e-01	4.271565e-01	2.602764e-01	2.506610e-01	1.290848e-01	
3.278043e-01	5.123475e-02	1.752949e-01	3.699873e-01	1.433915e-01	4.311823e-01	2.679065e-01	2.537852e-01	1.300699e-01	
3.307227e-01	5.180940e-02	1.817716e-01	3.743160e-01	1.469893e-01	4.345244e-01	2.716743e-01	2.567568e-01	1.308724e-01	
3.336670e-01	5.246078e-02	1.894292e-01	3.787428e-01	1.504253e-01	4.373170e-01	2.735664e-01	2.596073e-01	1.314793e-01	
3.366376e-01	5.341339e-02	1.978173e-01	3.834921e-01	1.535749e-01	4.399670e-01	2.820091e-01	2.622306e-01	1.319810e-01	
3.396346e-01	5.243298e-02	2.062104e-01	3.883466e-01	1.565462e-01	4.423284e-01	2.923895e-01	2.647139e-01	1.328410e-01	
3.426583e-01	5.363153e-02	2.142920e-01	3.929068e-01	1.595494e-01	4.450668e-01	2.962043e-01	2.672324e-01	1.343523e-01	
3.457090e-01	5.620111e-02	2.224318e-01	3.970617e-01	1.625483e-01	4.477153e-01	2.956988e-01	2.697563e-01	1.361842e-01	
3.487867e-01	5.460551e-02	2.319232e-01	4.007946e-01	1.652817e-01	4.483323e-01	3.043777e-01	2.720637e-01	1.370743e-01	
3.518919e-01	5.761099e-02	2.418875e-01	4.044716e-01	1.678685e-01	4.547612e-01	3.109165e-01	2.742533e-01	1.379903e-01	
3.550248e-01	5.888749e-02	2.517685e-01	4.082127e-01	1.702726e-01	4.582528e-01	3.183090e-01	2.762940e-01	1.390560e-01	
3.581855e-01	5.892050e-02	2.613160e-01	4.120386e-01	1.725134e-01	4.595079e-01	3.255467e-01	2.782002e-01	1.402994e-01	
3.613743e-01	5.877121e-02	2.698355e-01	4.159208e-01	1.746789e-01	4.608357e-01	3.303723e-01	2.800459e-01	1.417513e-01	
3.645916e-01	5.797268e-02	2.770808e-01	4.197216e-01	1.768828e-01	4.621013e-01	3.338630e-01	2.819286e-01	1.432483e-01	
3.678375e-01	5.816073e-02	2.844067e-01	4.233643e-01	1.789051e-01	4.631722e-01	3.398212e-01	2.836601e-01	1.445274e-01	
3.711123e-01	5.840109e-02	2.910925e-01	4.269839e-01	1.805870e-01	4.635693e-01	3.469883e-01	2.851018e-01	1.458378e-01	
3.744162e-01	5.865766e-02	2.968101e-01	4.306323e-01	1.819176e-01	4.685789e-01	3.536409e-01	2.862445e-01	1.473081e-01	
3.777496e-01	5.869191e-02	3.025113e-01	4.339286e-01	1.830057e-01	4.663683e-01	3.578974e-01	2.871801e-01	1.484873e-01	
3.811126e-01	5.851213e-02	3.075377e-01	4.370673e-01	1.840437e-01	4.648641e-01	3.625742e-01	2.880738e-01	1.495851e-01	
3.845056e-01	5.889755e-02	3.116671e-01	4.402167e-01	1.852147e-01	4.670176e-01	3.662484e-01	2.890819e-01	1.507795e-01	
3.879288e-01	5.799259e-02	3.161019e-01	4.432379e-01	1.871913e-01	4.694846e-01	3.706572e-01	2.907865e-01	1.520939e-01	
3.913824e-01	5.826026e-02	3.206666e-01	4.463350e-01	1.891466e-01	4.714170e-01	3.770971e-01	2.924752e-01	1.534747e-01	
3.948669e-01	5.793287e-02	3.251707e-01	4.494052e-01	1.907887e-01	4.729626e-01	3.839624e-01	2.938955e-01	1.548185e-01	
3.983823e-01	5.842586e-02	3.293365e-01	4.516563e-01	1.922601e-01	4.737742e-01	3.913138e-01	2.951699e-01	1.557525e-01	
4.019290e-01	5.920239e-02	3.340709e-01	4.539902e-01	1.937794e-01	4.746165e-01	3.929253e-01	2.964871e-01	1.567012e-01	
4.055073e-01	5.925507e-02	3.393459e-01	4.565932e-01	1.952748e-01	4.757426e-01	3.946245e-01	2.977852e-01	1.579704e-01	
4.091175e-01	5.995992e-02	3.443779e-01	4.591428e-01	1.964438e-01	4.768779e-01	3.956593e-01	2.988013e-01	1.597065e-01	
4.127598e-01	6.017898e-02	3.487073e-01	4.611701e-01	1.974642e-01	4.780660e-01	3.962194e-01	2.996880e-01	1.599885e-01	
4.164345e-01	6.044576e-02	3.521797e-01	4.627971e-01	1.983698e-01	4.788917e-01	3.968383e-01	3.004764e-01	1.597806e-01	
4.201419e-01	6.087250e-02	3.545107e-01	4.642526e-01	1.992127e-01	4.796679e-01	3.977642e-01	3.012112e-01	1.602029e-01	
4.238824e-01	6.108965e-02	3.560392e-01	4.658000e-01	2.001273e-01	4.804499e-01	3.989405e-01	3.020077e-01	1.607619e-01	
4.276561e-01	6.155182e-02	3.570906e-01	4.670522e-01	2.006075e-01	4.812396e-01	3.986303e-01	3.024269e-01	1.609991e-01	
4.314635e-01	6.260010e-02	3.582946e-01	4.680981e-01	2.010078e-01	4.820363e-01	3.982313e-01	3.027762e-01	1.610932e-01	
4.353047e-01	6.348000e-02	3.599893e-01	4.690540e-01	2.016050e-01	4.828367e-01	3.998688e-01	3.032972e-01	1.613264e-01	
4.391802e-01	6.370429e-02	3.616190e-01	4.700622e-01	2.020494e-01	4.836459e-01	4.015442e-01	3.036850e-01	1.616964e-01	
4.430901e-01	6.426698e-02	3.621551e-01	4.713452e-01	2.022325e-01	4.843650e-01	4.051677e-01	3.038458e-01	1.611293e-01	
4.470349e-01	6.552101e-02	3.622484e-01	4.721091e-01	2.023998e-01	4.846631e-01	4.070094e-01	3.039921e-01	1.604441e-01	
4.510147e-01	6.545011e-02	3.624531e-01	4.728120e-01	2.027224e-01	4.845559e-01	4.111083e-01	3.042743e-01	1.601501e-01	
4.550300e-01	6.619145e-02	3.632357e-01	4.745202e-01	2.032314e-01	4.853531e-01	4.115108e-01	3.047187e-01	1.599159e-01	
4.590811e-01	6.716016e-02	3.656754e-01	4.750368e-01	2.039628e-01	4.863983e-01	4.137636e-01	3.053580e-01	1.594213e-01	
4.631682e-01	6.825589e-02	3.693439e-01	4.755055e-01	2.048768e-01	4.867411e-01	4.148484e-01	3.061562e-01	1.593125e-01	
4.672917e-01	6.875423e-02	3.724277e-01	4.761932e-01	2.056169e-01	4.878734e-01	4.265857e-01	3.068028e-01	1.593189e-01	
4.714519e-01	7.006236e-02	3.756134e-01	4.770296e-01	2.061582e-01	4.883347e-01	4.386141e-01	3.072766e-01	1.592451e-01	
4.756492e-01	7.143861e-02	3.803268e-01	4.777615e-01	2.067259e-01	4.895204e-01	4.500349e-01	3.077727e-01	1.592089e-01	
4.798838e-01	7.266929e-02	3.858389e-01	4.778602e-01	2.074443e-01	4.904027e-01	4.585078e-01	3.084017e-01	1.593568e-01	
4.841561e-01	7.285308e-02	3.893872e-01	4.786949e-01	2.081686e-01	4.910674e-01	4.624253e-01	3.090350e-01	1.592631e-01	
4.884665e-01	7.440747e-02	3.934288e-01	4.788510e-01	2.088674e-01	4.920074e-01	4.669117e-01	3.096467e-01	1.591102e-01	
4.928152e-01	7.566407e-02	3.981909e-01	4.792486e-01	2.096476e-01	4.928681e-01	4.713530e-01	3.103303e-01	1.600591e-01	
4.972026e-01	7.616624e-02	4.050712e-01	4.797967e-01	2.104509e-01	4.942063e-01	4.776203e-01	3.110347e-01	1.603383e-01	
5.016291e-01	7.663347e-02	4.126237e-01	4.801132e-01	2.111000e-01	4.947422e-01	4.818359e-01	3.116031e-01	1.594305e-01	
5.060950e-01	7.794795e-02	4.196785e-01	4.804587e-01	2.115848e-01	4.954602e-01	4.869326e-01	3.120283e-01	1.592382e-01	
5.106007e-01	7.822596e-02	4.291921e-01	4.810691e-01	2.121687e-01	4.966351e-01	4.946690e-01	3.125406e-01	1.597655e-01	
5.151465e-01	7.974975e-02	4.366286e-01	4.820421e-01	2.130423e-01	4.970973e-01	4.989890e-01	3.133068e-01	1.610691e-01	
5.197328e-01	7.947651e-02	4.433469e-01	4.829548e-01	2.139808e-01	4.980377e-01	5.060841e-01	3.141308e-01	1.612034e-01	
5.243599e-01	7.988287e-02	4.492457e-01	4.834133e-01	2.147256e-01	4.991164e-01	5.137202e-01	3.147850e-01	1.611539e-01	
5.290281e-01	8.036872e-02	4.533671e-01	4.839757e-01	2.153499e-01	4.998453e-01	5.164670e-01	3.153328e-01	1.614106e-01	
5.337380e-01	8.104355e-02	4.585369e-01	4.843739e-01	2.159795e-01	5.001817e-01	5.199135e-01	3.158863e-01	1.617156e-01	
5.384898e-01	8.127691e-02	4.638458e-01	4.849197e-01	2.165517e-01	5.010848e-01	5.210854e-01	3.163892e-01	1.620520e-01	
5.432838e-01	8.207650e-02	4.686349e-01	4.853249e-01	2.170288e-01	5.022826e-01	5.286884e-01	3.168076e-01	1.624000e-01	
5.481206e-01	8.211581e-02	4.732256e-01	4.860312e-01	2.178181e-01	5.029952e-01	5.327867e-01	3.175021e-01	1.630609e-01	
5.530004e-01	8.186396e-02	4.768281e-01	4.868166e-01	2.186378e-01	5.027623e-01	5.366662e-01	3.182236e-01	1.636962e-01	
5.579237e-01	8.264199e-02	4.790406e-01	4.874345e-01	2.195551e-01	5.034607e-01	5.390516e-01	3.190314e-01	1.634631e-01	
5.628908e-01	8.315031e-02	4.808994e-01	4.881988e-01	2.204538e-01	5.044518e-01	5.418751e-01	3.198227e-01	1.633502e-01	
5.679021e-01	8.369677e-02	4.812352e-01	4.890753e-01	2.213281e-01	5.050453e-01	5.444093e-01	3.205924e-01	1.637085e-01	
5.729580e-01	8.417584e-02	4.811970e-01	4.899155e-01	2.220113e-01	5.056436e-01	5.490170e-01	3.211944e-01	1.640837e-01	
5.780590e-01	8.432599e-02	4.806077e-01	4.909681e-01	2.227821e-01	5.066379e-01	5.517140e-01	3.218734e-01	1.650730e-01	
5.832053e-01	8.489675e-02	4.790739e-01	4.918708e-01	2.234315e-01	5.073988e-01	5.513119e-01	3.224454e-01	1.664397e-01	
5.883975e-01	8.552857e-02	4.780999e-01	4.927762e-01	2.239523e-01	5.075900e-01	5.555836e-01	3.229036e-01	1.664918e-01	
5.936359e-01	8.495990e-02	4.764110e-01	4.934742e-01	2.245300e-01	5.078507e-01	5.577385e-01	3.234121e-01	1.667865e-01	
5.989209e-01	8.376001e-02	4.740956e-01	4.943847e-01	2.247911e-01	5.081221e-01	5.609665e-01	3.236411e-01	1.674905e-01	
6.042530e-01	8.469152e-02	4.717682e-01	4.952156e-01	2.249917e-01	5.083719e-01	5.626190e-01	3.238166e-01	1.681877e-01	
6.096326e-01	8.494480e-02	4.690401e-01	4.960365e-01	2.255572e-01	5.084632e-01	5.647793e-01	3.243136e-01	1.696312e-01	
6.150600e-01	8.458555e-02	4.657212e-01	4.966975e-01	2.259579e-01	5.090036e-01	5.661907e-01	3.246660e-01	1.705611e-01	
6.205358e-01	8.475450e-02	4.613719e-01	4.979523e-01	2.264577e-01	5.085982e-01	5.681139e-01	3.251044e-01	1.706516e-01	
6.260603e-01	8.528138e-02	4.582717e-01	4.989195e-01	2.266879e-01	5.087148e-01	5.681765e-01	3.253051e-01	1.700093e-01	
6.316340e-01	8.488623e-02	4.554841e-01	4.998456e-01	2.270150e-01	5.091872e-01	5.683095e-01	3.255918e-01	1.693788e-01	
6.372573e-01	8.547955e-02	4.532648e-01	5.007249e-01	2.273129e-01	5.088068e-01	5.709334e-01	3.258525e-01	1.703062e-01	
6.429307e-01	8.540131e-02	4.516886e-01	5.019990e-01	2.277087e-01	5.088647e-01	5.721630e-01	3.261995e-01	1.704430e-01	
6.486546e-01	8.591353e-02	4.516197e-01	5.034940e-01	2.282386e-01	5.088352e-01	5.709597e-01	3.266654e-01	1.701287e-01	
6.544295e-01	8.706574e-02	4.518771e-01	5.047621e-01	2.285893e-01	5.088631e-01	5.734504e-01	3.269722e-01	1.712477e-01	
6.602557e-01	8.745027e-02	4.505865e-01	5.057107e-01	2.289661e-01	5.088557e-01	5.727381e-01	3.273032e-01	1.709140e-01	
6.661339e-01	8.753730e-02	4.511698e-01	5.069113e-01	2.291117e-01	5.092935e-01	5.773378e-01	3.274284e-01	1.712926e-01	
6.720643e-01	8.849635e-02	4.525923e-01	5.084509e-01	2.294026e-01	5.084909e-01	5.769524e-01	3.276839e-01	1.715524e-01	
6.780476e-01	8.789610e-02	4.539909e-01	5.098966e-01	2.295722e-01	5.082995e-01	5.778397e-01	3.278313e-01	1.719804e-01	
6.840841e-01	8.876859e-02	4.521341e-01	5.112308e-01	2.298674e-01	5.086922e-01	5.825270e-01	3.280889e-01	1.725652e-01	
6.901744e-01	8.982398e-02	4.496981e-01	5.129446e-01	2.300091e-01	5.080412e-01	5.842272e-01	3.282106e-01	1.727521e-01	
6.963189e-01	8.993196e-02	4.472615e-01	5.145004e-01	2.301927e-01	5.086517e-01	5.862163e-01	3.283672e-01	1.734685e-01	
7.025181e-01	8.977845e-02	4.455923e-01	5.159818e-01	2.305858e-01	5.087352e-01	5.872595e-01	3.287096e-01	1.741893e-01	
7.087725e-01	9.119878e-02	4.451976e-01	5.175953e-01	2.307813e-01	5.082697e-01	5.889123e-01	3.288760e-01	1.751705e-01	
7.150826e-01	9.017583e-02	4.438548e-01	5.188869e-01	2.311852e-01	5.089415e-01	5.924868e-01	3.292277e-01	1.755845e-01	
7.214488e-01	9.051522e-02	4.412118e-01	5.205776e-01	2.313910e-01	5.086001e-01	5.927129e-01	3.294043e-01	1.763467e-01	
7.278718e-01	9.070642e-02	4.391040e-01	5.230572e-01	2.315410e-01	5.092500e-01	5.953439e-01	3.295336e-01	1.765608e-01	
7.343519e-01	9.038644e-02	4.350947e-01	5.244988e-01	2.318832e-01	5.090868e-01	5.949046e-01	3.298318e-01	1.767165e-01	
7.408897e-01	8.987292e-02	4.321388e-01	5.261380e-01	2.319100e-01	5.092806e-01	5.958182e-01	3.298488e-01	1.771876e-01	
7.474857e-01	9.043590e-02	4.256302e-01	5.275235e-01	2.319383e-01	5.102986e-01	5.985750e-01	3.298631e-01	1.771456e-01	
7.541404e-01	8.996637e-02	4.193379e-01	5.290572e-01	2.321979e-01	5.110685e-01	5.991837e-01	3.300815e-01	1.768426e-01	
7.608544e-01	9.001121e-02	4.117861e-01	5.307061e-01	2.322905e-01	5.111008e-01	5.990514e-01	3.301501e-01	1.768944e-01	
7.676281e-01	8.947180e-02	4.048720e-01	5.322272e-01	2.327074e-01	5.126679e-01	6.023111e-01	3.305039e-01	1.762334e-01	
7.744622e-01	8.933765e-02	3.979381e-01	5.331485e-01	2.325935e-01	5.123438e-01	6.066361e-01	3.303879e-01	1.761058e-01	
7.813571e-01	8.898316e-02	3.893311e-01	5.346910e-01	2.323205e-01	5.131342e-01	6.073781e-01	3.301302e-01	1.762473e-01	
7.883134e-01	8.919458e-02	3.803425e-01	5.358275e-01	2.322643e-01	5.141623e-01	6.081643e-01	3.300651e-01	1.755417e-01	
7.953316e-01	8.850992e-02	3.722145e-01	5.367620e-01	2.318236e-01	5.155395e-01	6.104768e-01	3.296604e-01	1.742356e-01	
8.024123e-01	8.856145e-02	3.644501e-01	5.381385e-01	2.311714e-01	5.158516e-01	6.105404e-01	3.290732e-01	1.739665e-01	
8.095560e-01	8.852311e-02	3.557033e-01	5.393637e-01	2.305448e-01	5.161923e-01	6.098127e-01	3.285148e-01	1.725868e-01	
8.167634e-01	8.789569e-02	3.468922e-01	5.402972e-01	2.300350e-01	5.162887e-01	6.106939e-01	3.280625e-01	1.720665e-01	
8.240349e-01	8.797486e-02	3.380358e-01	5.409353e-01	2.294387e-01	5.167784e-01	6.121507e-01	3.275349e-01	1.713612e-01	
8.313711e-01	8.784179e-02	3.293641e-01	5.414150e-01	2.285030e-01	5.169385e-01	6.131520e-01	3.267076e-01	1.705496e-01	
8.387726e-01	8.746891e-02	3.215779e-01	5.418105e-01	2.272421e-01	5.171381e-01	6.131591e-01	3.255862e-01	1.699984e-01	
8.462401e-01	8.804458e-02	3.144404e-01	5.417662e-01	2.259849e-01	5.175041e-01	6.111043e-01	3.244448e-01	1.699010e-01	
8.537740e-01	8.862101e-02	3.070233e-01	5.417218e-01	2.247357e-01	5.178712e-01	6.090914e-01	3.233115e-01	1.698035e-01	
8.613750e-01	8.919821e-02	3.003291e-01	5.416775e-01	2.234944e-01	5.182394e-01	6.071182e-01	3.221860e-01	1.697062e-01	
8.690437e-01	8.977618e-02	2.935989e-01	5.416331e-01	2.222609e-01	5.186085e-01	6.051829e-01	3.210684e-01	1.696088e-01	
8.767806e-01	8.845744e-02	2.874486e-01	5.411209e-01	2.204725e-01	5.173236e-01	6.040576e-01	3.194415e-01	1.697101e-01	
8.845864e-01	8.727557e-02	2.817264e-01	5.404856e-01	2.185516e-01	5.162610e-01	6.028733e-01	3.176994e-01	1.694878e-01	
8.924617e-01	8.711096e-02	2.770801e-01	5.398692e-01	2.165398e-01	5.169708e-01	6.023786e-01	3.158952e-01	1.664781e-01	
9.004072e-01	8.850918e-02	2.728022e-01	5.392411e-01	2.150388e-01	5.175349e-01	6.022784e-01	3.145557e-01	1.662559e-01	
9.084233e-01	8.955914e-02	2.686069e-01	5.384482e-01	2.136460e-01	5.176282e-01	6.013790e-01	3.133169e-01	1.656015e-01	
9.165109e-01	8.966545e-02	2.645105e-01	5.372937e-01	2.122543e-01	5.179486e-01	5.984386e-01	3.120784e-01	1.642954e-01	
9.246704e-01	8.887768e-02	2.607026e-01	5.356837e-01	2.109113e-01	5.192001e-01	5.933869e-01	3.108792e-01	1.637040e-01	
9.329026e-01	8.739130e-02	2.573345e-01	5.344241e-01	2.097481e-01	5.179777e-01	5.937937e-01	3.098344e-01	1.639639e-01	
9.412080e-01	8.653281e-02	2.545112e-01	5.328500e-01	2.089367e-01	5.177228e-01	5.942341e-01	3.090934e-01	1.644951e-01	
9.495874e-01	8.706204e-02	2.521084e-01	5.309407e-01	2.079551e-01	5.174184e-01	5.910650e-01	3.081947e-01	1.652425e-01	
9.580414e-01	8.521494e-02	2.498912e-01	5.293337e-01	2.073335e-01	5.174292e-01	5.890679e-01	3.075403e-01	1.645822e-01	
9.665707e-01	8.671220e-02	2.486990e-01	5.275920e-01	2.068369e-01	5.191959e-01	5.913865e-01	3.069721e-01	1.660112e-01	
9.751759e-01	8.807892e-02	2.474141e-01	5.257230e-01	2.066345e-01	5.193086e-01	5.930944e-01	3.066469e-01	1.649630e-01	
9.838577e-01	8.728796e-02	2.460583e-01	5.236608e-01	2.066921e-01	5.179811e-01	5.917497e-01	3.065372e-01	1.661461e-01	
9.926168e-01	8.809185e-02	2.450700e-01	5.217233e-01	2.069228e-01	5.189594e-01	5.924011e-01	3.065801e-01	1.677006e-01	
1.001454e+00	8.918119e-02	2.440195e-01	5.190110e-01	2.074122e-01	5.192314e-01	5.909381e-01	3.068414e-01	1.685504e-01	
1.010370e+00	8.906815e-02	2.433252e-01	5.175384e-01	2.081286e-01	5.196118e-01	5.886554e-01	3.072611e-01	1.701134e-01	
1.019365e+00	8.838264e-02	2.430327e-01	5.155460e-01	2.088960e-01	5.192828e-01	5.863705e-01	3.076993e-01	1.716401e-01	
1.028440e+00	8.763798e-02	2.426527e-01	5.140457e-01	2.100851e-01	5.200989e-01	5.871047e-01	3.085574e-01	1.753522e-01	
1.037596e+00	8.979758e-02	2.421961e-01	5.125167e-01	2.113607e-01	5.194993e-01	5.898230e-01	3.095615e-01	1.748924e-01	
1.046834e+00	9.070503e-02	2.426220e-01	5.113429e-01	2.129204e-01	5.204705e-01	5.872740e-01	3.109004e-01	1.770066e-01	
1.056153e+00	9.153981e-02	2.426406e-01	5.105104e-01	2.146101e-01	5.195847e-01	5.863554e-01	3.124342e-01	1.785540e-01	
1.065556e+00	9.411332e-02	2.435074e-01	5.099511e-01	2.165851e-01	5.192143e-01	5.870263e-01	3.143431e-01	1.807323e-01	
1.075043e+00	9.268625e-02	2.456823e-01	5.091488e-01	2.183376e-01	5.192045e-01	5.877111e-01	3.160855e-01	1.818846e-01	
1.084613e+00	9.416391e-02	2.479215e-01	5.081401e-01	2.202840e-01	5.193775e-01	5.870587e-01	3.178871e-01	1.828964e-01	
1.094270e+00	9.566303e-02	2.513420e-01	5.074544e-01	2.222162e-01	5.195059e-01	5.871880e-01	3.195874e-01	1.852818e-01	
1.104012e+00	9.591789e-02	2.547799e-01	5.068113e-01	2.237914e-01	5.184776e-01	5.868470e-01	3.209277e-01	1.870273e-01	
1.113841e+00	9.749142e-02	2.585514e-01	5.062013e-01	2.253613e-01	5.188654e-01	5.851945e-01	3.222374e-01	1.885116e-01	
1.123757e+00	9.789919e-02	2.628167e-01	5.053641e-01	2.267629e-01	5.190757e-01	5.865743e-01	3.233802e-01	1.899489e-01	
1.133761e+00	1.002455e-01	2.667889e-01	5.047189e-01	2.280256e-01	5.190163e-01	5.875469e-01	3.244191e-01	1.916070e-01	
1.143855e+00	1.003808e-01	2.702426e-01	5.038148e-01	2.290061e-01	5.184647e-01	5.828622e-01	3.252101e-01	1.934921e-01	
1.154039e+00	1.021131e-01	2.730216e-01	5.030354e-01	2.297558e-01	5.186853e-01	5.838942e-01	3.256848e-01	1.946417e-01	
1.164313e+00	1.032991e-01	2.760471e-01	5.015710e-01	2.304417e-01	5.188421e-01	5.878336e-01	3.260085e-01	1.953105e-01	
1.174679e+00	1.052600e-01	2.789120e-01	5.001205e-01	2.309441e-01	5.195160e-01	5.900853e-01	3.259638e-01	1.965082e-01	
1.185136e+00	1.073053e-01	2.815625e-01	4.989350e-01	2.313823e-01	5.196731e-01	5.903229e-01	3.256075e-01	1.968915e-01	
1.195688e+00	1.096867e-01	2.835212e-01	4.979751e-01	2.316727e-01	5.201879e-01	5.913376e-01	3.239801e-01	1.978357e-01	
1.206333e+00	1.108171e-01	2.858056e-01	4.969292e-01	2.319878e-01	5.201303e-01	5.955578e-01	3.220840e-01	1.979979e-01	
1.217072e+00	1.126225e-01	2.882831e-01	4.957098e-01	2.322561e-01	5.207122e-01	5.971765e-01	3.206308e-01	1.981089e-01	
1.227908e+00	1.148123e-01	2.913512e-01	4.949832e-01	2.323961e-01	5.212255e-01	5.982548e-01	3.190780e-01	1.984049e-01	
1.238839e+00	1.171299e-01	2.934817e-01	4.944611e-01	2.325580e-01	5.220569e-01	6.011213e-01	3.181249e-01	1.988400e-01	
1.249869e+00	1.200553e-01	2.962061e-01	4.932839e-01	2.326811e-01	5.227344e-01	6.027521e-01	3.178526e-01	1.983390e-01	
1.260996e+00	1.208952e-01	2.990440e-01	4.935971e-01	2.328514e-01	5.233953e-01	6.033435e-01	3.178589e-01	1.979665e-01	
1.272222e+00	1.235372e-01	3.029816e-01	4.936675e-01	2.329730e-01	5.240094e-01	6.008423e-01	3.179115e-01	1.976738e-01	
1.283549e+00	1.255403e-01	3.066824e-01	4.934291e-01	2.330868e-01	5.250183e-01	6.011400e-01	3.181075e-01	1.977814e-01	
1.294976e+00	1.277466e-01	3.111158e-01	4.940123e-01	2.332388e-01	5.260054e-01	6.065904e-01	3.181605e-01	1.978873e-01	
1.306505e+00	1.297854e-01	3.159478e-01	4.945928e-01	2.333457e-01	5.272195e-01	6.080866e-01	3.184198e-01	1.972528e-01	
1.318137e+00	1.323914e-01	3.211476e-01	4.947625e-01	2.335030e-01	5.284559e-01	6.101089e-01	3.194106e-01	1.969617e-01	
1.329872e+00	1.338993e-01	3.271984e-01	4.960252e-01	2.336534e-01	5.297314e-01	6.090554e-01	3.203762e-01	1.973870e-01	
1.341711e+00	1.362618e-01	3.338253e-01	4.972011e-01	2.337751e-01	5.300068e-01	6.076819e-01	3.210027e-01	1.966560e-01	
1.353656e+00	1.377417e-01	3.407651e-01	4.974013e-01	2.338695e-01	5.314670e-01	5.939815e-01	3.211917e-01	1.972620e-01	
1.365708e+00	1.409521e-01	3.484146e-01	4.988460e-01	2.340197e-01	5.330009e-01	5.864896e-01	3.211297e-01	1.967230e-01	
1.377866e+00	1.427042e-01	3.562335e-01	5.003215e-01	2.341155e-01	5.340876e-01	5.511512e-01	3.206033e-01	1.962723e-01	
1.390133e+00	1.458222e-01	3.648538e-01	5.024525e-01	2.342109e-01	5.351687e-01	4.611495e-01	3.200013e-01	1.967814e-01	
1.402509e+00	1.477080e-01	3.736935e-01	5.048865e-01	2.342963e-01	5.361409e-01	4.856721e-01	3.172884e-01	1.965507e-01	
1.414996e+00	1.489614e-01	3.831902e-01	5.070523e-01	2.343761e-01	5.382371e-01	5.244488e-01	3.087999e-01	1.971147e-01	
1.427593e+00	1.533062e-01	3.926502e-01	5.091502e-01	2.345007e-01	5.401870e-01	5.435651e-01	2.954177e-01	1.958667e-01	
1.440303e+00	1.541859e-01	4.029543e-01	5.117566e-01	2.345837e-01	5.416399e-01	5.640117e-01	2.659118e-01	1.966651e-01	
1.453125e+00	1.580588e-01	4.129208e-01	5.140091e-01	2.346186e-01	5.428064e-01	5.732805e-01	2.358472e-01	1.961183e-01	
1.466062e+00	1.607071e-01	4.229629e-01	5.165670e-01	2.346675e-01	5.448770e-01	5.763127e-01	2.095897e-01	1.966459e-01	
1.479114e+00	1.613906e-01	4.325791e-01	5.189847e-01	2.346970e-01	5.462007e-01	5.924950e-01	1.875955e-01	1.965856e-01	
1.492283e+00	1.627675e-01	4.424901e-01	5.213231e-01	2.347398e-01	5.479259e-01	6.017328e-01	1.763032e-01	1.958159e-01	
1.505568e+00	1.653650e-01	4.521753e-01	5.230888e-01	2.347415e-01	5.492704e-01	6.091253e-01	1.758360e-01	1.964652e-01	
1.518972e+00	1.663230e-01	4.605126e-01	5.254358e-01	2.346995e-01	5.502488e-01	6.115699e-01	1.766994e-01	1.967195e-01	
1.532495e+00	1.679386e-01	4.692508e-01	5.283962e-01	2.346560e-01	5.529958e-01	6.186778e-01	1.782376e-01	1.961464e-01	
1.546139e+00	1.692294e-01	4.769168e-01	5.298013e-01	2.345907e-01	5.541112e-01	6.205962e-01	1.806779e-01	1.964212e-01	
1.559904e+00	1.714504e-01	4.837064e-01	5.315427e-01	2.344780e-01	5.561051e-01	6.251246e-01	1.829712e-01	1.962323e-01	
1.573791e+00	1.720663e-01	4.891053e-01	5.332400e-01	2.343550e-01	5.570668e-01	6.302834e-01	1.888114e-01	1.961687e-01	
1.587802e+00	1.729887e-01	4.938627e-01	5.346785e-01	2.342123e-01	5.591932e-01	6.303104e-01	1.956683e-01	1.954427e-01	
1.601938e+00	1.743672e-01	4.967781e-01	5.355055e-01	2.340812e-01	5.602331e-01	6.320724e-01	2.019026e-01	1.957103e-01	
1.616200e+00	1.747904e-01	4.991514e-01	5.369038e-01	2.338725e-01	5.618109e-01	6.345608e-01	2.060595e-01	1.959359e-01	
1.630589e+00	1.754964e-01	4.998040e-01	5.374203e-01	2.336432e-01	5.630797e-01	6.336143e-01	2.049378e-01	1.959672e-01	
1.645106e+00	1.765704e-01	5.008061e-01	5.385897e-01	2.334289e-01	5.647708e-01	6.352292e-01	2.036101e-01	1.964217e-01	
1.659752e+00	1.766587e-01	4.999488e-01	5.388363e-01	2.331910e-01	5.667694e-01	6.355297e-01	2.095991e-01	1.960640e-01	
1.674528e+00	1.769494e-01	4.981054e-01	5.399389e-01	2.329479e-01	5.677686e-01	6.357661e-01	2.186162e-01	1.967693e-01	
1.689436e+00	1.771218e-01	4.965001e-01	5.408854e-01	2.326597e-01	5.692811e-01	6.376072e-01	2.271425e-01	1.968226e-01	
1.704477e+00	1.791535e-01	4.940718e-01	5.421545e-01	2.323412e-01	5.722726e-01	6.340071e-01	2.349567e-01	1.970321e-01	
1.719652e+00	1.787714e-01	4.911913e-01	5.422050e-01	2.320034e-01	5.730768e-01	6.288713e-01	2.418048e-01	1.957014e-01	
1.734961e+00	1.788593e-01	4.882454e-01	5.424892e-01	2.316849e-01	5.749944e-01	6.271996e-01	2.475488e-01	1.963265e-01	
1.750407e+00	1.802143e-01	4.839361e-01	5.428094e-01	2.313505e-01	5.765313e-01	6.209774e-01	2.518259e-01	1.965787e-01	
1.765991e+00	1.812898e-01	4.811097e-01	5.429997e-01	2.310129e-01	5.779926e-01	6.143813e-01	2.550195e-01	1.966716e-01	
1.781713e+00	1.809733e-01	4.776310e-01	5.434542e-01	2.306452e-01	5.797449e-01	6.102418e-01	2.567092e-01	1.963615e-01	
1.797576e+00	1.799784e-01	4.748786e-01	5.441326e-01	2.302387e-01	5.808132e-01	6.044960e-01	2.582399e-01	1.966541e-01	
1.813579e+00	1.800516e-01	4.716939e-01	5.445136e-01	2.298475e-01	5.817533e-01	5.989190e-01	2.591464e-01	1.961397e-01	
1.829725e+00	1.807524e-01	4.696735e-01	5.454698e-01	2.294341e-01	5.836682e-01	5.961295e-01	2.595024e-01	1.962890e-01	
1.846015e+00	1.813949e-01	4.676006e-01	5.457316e-01	2.290659e-01	5.848823e-01	5.877010e-01	2.577627e-01	1.967678e-01	
1.862450e+00	1.807068e-01	4.659777e-01	5.460218e-01	2.287201e-01	5.866127e-01	5.666378e-01	2.510877e-01	1.959195e-01	
1.879031e+00	1.804849e-01	4.649276e-01	5.463700e-01	2.283391e-01	5.873419e-01	5.054459e-01	2.364030e-01	1.954846e-01	
1.895759e+00	1.808531e-01	4.636752e-01	5.457942e-01	2.278355e-01	5.876563e-01	3.956279e-01	2.134441e-01	1.966475e-01	
1.912637e+00	1.805340e-01	4.633648e-01	5.460753e-01	2.274533e-01	5.896926e-01	3.878711e-01	1.853913e-01	1.956059e-01	
1.929665e+00	1.804903e-01	4.639820e-01	5.461215e-01	2.271684e-01	5.909202e-01	4.326075e-01	1.646091e-01	1.962332e-01	
1.946844e+00	1.793629e-01	4.652844e-01	5.459989e-01	2.269074e-01	5.916227e-01	4.522974e-01	1.522038e-01	1.961343e-01	
1.964177e+00	1.802890e-01	4.668707e-01	5.459239e-01	2.266881e-01	5.946272e-01	4.606322e-01	1.426617e-01	1.963723e-01	
1.981663e+00	1.812867e-01	4.700174e-01	5.462792e-01	2.264285e-01	5.969643e-01	4.745856e-01	1.376801e-01	1.970430e-01	
1.999306e+00	1.821811e-01	4.730865e-01	5.467583e-01	2.261952e-01	5.982422e-01	4.916657e-01	1.366645e-01	1.967504e-01	
2.017105e+00	1.807536e-01	4.775634e-01	5.470258e-01	2.259962e-01	6.001280e-01	5.069678e-01	1.377505e-01	1.974602e-01	
2.035063e+00	1.815664e-01	4.821709e-01	5.469859e-01	2.258204e-01	6.015970e-01	5.202500e-01	1.405669e-01	1.981117e-01	
2.053181e+00	1.824161e-01	4.877334e-01	5.469155e-01	2.256613e-01	6.033068e-01	5.381234e-01	1.450022e-01	1.985517e-01	
2.071460e+00	1.825552e-01	4.930373e-01	5.470240e-01	2.254898e-01	6.048351e-01	5.395092e-01	1.509138e-01	1.987412e-01	
2.089902e+00	1.822058e-01	4.992717e-01	5.474972e-01	2.253727e-01	6.065717e-01	5.264059e-01	1.591953e-01	1.988091e-01	
2.108508e+00	1.826226e-01	5.065500e-01	5.478127e-01	2.252645e-01	6.084728e-01	5.190743e-01	1.713868e-01	2.005777e-01	
2.127279e+00	1.839804e-01	5.137884e-01	5.478025e-01	2.251802e-01	6.116958e-01	5.146681e-01	1.888615e-01	1.993176e-01	
2.146218e+00	1.849996e-01	5.204443e-01	5.477178e-01	2.250946e-01	6.123926e-01	5.221766e-01	2.043679e-01	1.992181e-01	
2.165326e+00	1.848076e-01	5.267763e-01	5.478595e-01	2.250331e-01	6.116115e-01	5.343231e-01	2.174315e-01	1.995083e-01	
2.184603e+00	1.854149e-01	5.334243e-01	5.486134e-01	2.249861e-01	6.109900e-01	5.367130e-01	2.290384e-01	1.995401e-01	
2.204052e+00	1.857305e-01	5.395864e-01	5.493934e-01	2.249366e-01	6.116318e-01	5.308809e-01	2.392687e-01	2.000332e-01	
2.223675e+00	1.861228e-01	5.447695e-01	5.503914e-01	2.249690e-01	6.123926e-01	5.123721e-01	2.473290e-01	2.021098e-01	
2.243472e+00	1.867760e-01	5.501859e-01	5.509293e-01	2.250666e-01	6.132049e-01	4.633629e-01	2.510808e-01	2.012191e-01	
2.263445e+00	1.845043e-01	5.533457e-01	5.512808e-01	2.240361e-01	6.121092e-01	4.307485e-01	2.439722e-01	2.013648e-01	
2.283596e+00	1.818813e-01	5.557038e-01	5.516865e-01	2.224395e-01	6.099962e-01	4.042236e-01	2.334992e-01	2.008719e-01	
2.303926e+00	1.793783e-01	5.580858e-01	5.520991e-01	2.208633e-01	6.079719e-01	3.753945e-01	2.224824e-01	2.003523e-01	
2.324438e+00	1.770751e-01	5.601848e-01	5.523500e-01	2.193871e-01	6.055851e-01	3.613898e-01	2.093257e-01	1.997048e-01	
2.345132e+00	1.749342e-01	5.620117e-01	5.525225e-01	2.179806e-01	6.031499e-01	3.932207e-01	1.987750e-01	1.993899e-01	
2.366010e+00	1.728870e-01	5.631133e-01	5.525542e-01	2.166647e-01	6.010884e-01	3.980431e-01	1.907670e-01	1.990474e-01	
2.387074e+00	1.709881e-01	5.643574e-01	5.534223e-01	2.153777e-01	5.989937e-01	3.773710e-01	1.847808e-01	1.986641e-01	
2.408326e+00	1.694635e-01	5.647733e-01	5.547856e-01	2.142077e-01	5.975093e-01	3.800544e-01	1.802936e-01	1.985267e-01	
2.429767e+00	1.680790e-01	5.649302e-01	5.562139e-01	2.130966e-01	5.960707e-01	3.724458e-01	1.764863e-01	1.982382e-01	
2.451399e+00	1.669294e-01	5.643401e-01	5.569320e-01	2.120223e-01	5.935981e-01	3.667935e-01	1.732729e-01	1.980837e-01	
2.473223e+00	1.659906e-01	5.631559e-01	5.583435e-01	2.110077e-01	5.910302e-01	3.606571e-01	1.705751e-01	1.978321e-01	
2.495242e+00	1.641437e-01	5.616412e-01	5.592178e-01	2.100477e-01	5.885487e-01	3.483365e-01	1.686244e-01	1.975797e-01	
2.517456e+00	1.626267e-01	5.602551e-01	5.598562e-01	2.091428e-01	5.864533e-01	3.390678e-01	1.687392e-01	1.972477e-01	
2.539869e+00	1.617014e-01	5.594618e-01	5.600537e-01	2.082475e-01	5.847591e-01	3.418308e-01	1.700758e-01	1.972635e-01	
2.562481e+00	1.612428e-01	5.578156e-01	5.600316e-01	2.073498e-01	5.802104e-01	3.319099e-01	1.715991e-01	1.973698e-01	
2.585294e+00	1.603173e-01	5.565348e-01	5.602997e-01	2.065256e-01	5.794988e-01	3.334699e-01	1.690418e-01	1.971626e-01	
2.608310e+00	1.593309e-01	5.547449e-01	5.601206e-01	2.056485e-01	5.769222e-01	3.324151e-01	1.576901e-01	1.969427e-01	
2.631532e+00	1.588112e-01	5.531853e-01	5.605245e-01	2.048280e-01	5.777419e-01	3.261129e-01	1.417819e-01	1.965213e-01	
2.654960e+00	1.589297e-01	5.505467e-01	5.604953e-01	2.038199e-01	5.730096e-01	3.019696e-01	1.362338e-01	1.959572e-01	
2.678596e+00	1.592643e-01	5.455809e-01	5.588211e-01	2.017908e-01	5.601648e-01	2.496991e-01	1.307812e-01	1.942341e-01	
2.702444e+00	1.572549e-01	5.327577e-01	5.546610e-01	1.989616e-01	5.097142e-01	1.201981e-01	1.254175e-01	1.886561e-01	
2.726503e+00	1.545753e-01	5.098616e-01	5.501935e-01	1.947144e-01	5.013818e-01	8.461686e-02	1.201368e-01	1.803653e-01	
2.750776e+00	1.491940e-01	4.973910e-01	5.439647e-01	1.912131e-01	4.981251e-01	9.967083e-02	1.149336e-01	1.710246e-01	
2.775266e+00	1.427435e-01	4.889758e-01	5.361464e-01	1.892672e-01	4.838259e-01	1.025169e-01	1.098031e-01	1.658777e-01	
2.799974e+00	1.336307e-01	4.824894e-01	5.290933e-01	1.877460e-01	4.745307e-01	1.010368e-01	1.047408e-01	1.645311e-01	
2.824901e+00	1.218516e-01	4.778181e-01	5.231078e-01	1.865831e-01	4.655617e-01	1.001099e-01	9.974279e-02	1.630080e-01	
2.850051e+00	1.086650e-01	4.733337e-01	5.170245e-01	1.856045e-01	4.574759e-01	1.108486e-01	9.480550e-02	1.614170e-01	
2.875425e+00	9.469840e-02	4.690365e-01	5.116192e-01	1.847399e-01	4.505436e-01	1.163155e-01	8.992571e-02	1.598637e-01	
2.901024e+00	8.236511e-02	4.651361e-01	5.074341e-01	1.840951e-01	4.459782e-01	1.118904e-01	8.510053e-02	1.588638e-01	
2.926851e+00	7.438136e-02	4.615526e-01	5.046043e-01	1.835978e-01	4.428340e-01	1.089900e-01	8.595234e-02	1.585511e-01	
2.952908e+00	6.912043e-02	4.541711e-01	5.032140e-01	1.833017e-01	4.386063e-01	1.131258e-01	8.732059e-02	1.587312e-01	
2.979198e+00	6.544286e-02	4.509676e-01	5.027900e-01	1.831915e-01	4.423886e-01	1.253234e-01	8.911746e-02	1.592533e-01	
3.005721e+00	6.352556e-02	4.572006e-01	5.038603e-01	1.831992e-01	4.441804e-01	1.379325e-01	9.183052e-02	1.601723e-01	
3.032480e+00	6.203378e-02	4.606319e-01	5.056456e-01	1.831532e-01	4.458444e-01	1.463385e-01	9.539288e-02	1.610529e-01	
3.059478e+00	6.120797e-02	4.611653e-01	5.078007e-01	1.828559e-01	4.493731e-01	1.530169e-01	1.009817e-01	1.616965e-01	
3.086716e+00	6.098023e-02	4.611424e-01	5.105695e-01	1.825177e-01	4.527926e-01	1.583785e-01	1.013085e-01	1.624076e-01	
3.114196e+00	6.227967e-02	4.613562e-01	5.133622e-01	1.824252e-01	4.566646e-01	1.652657e-01	1.001347e-01	1.635559e-01	
3.141922e+00	6.382824e-02	4.616047e-01	5.164224e-01	1.824667e-01	4.622702e-01	1.751961e-01	9.900504e-02	1.650421e-01	
3.169894e+00	6.562341e-02	4.610849e-01	5.194073e-01	1.825749e-01	4.695673e-01	1.870652e-01	9.789353e-02	1.666533e-01	
3.198115e+00	6.711223e-02	4.599256e-01	5.221683e-01	1.826883e-01	4.754086e-01	1.977252e-01	9.677681e-02	1.683103e-01	
3.226587e+00	6.894837e-02	4.603001e-01	5.244153e-01	1.828329e-01	4.804309e-01	2.046766e-01	9.588531e-02	1.698820e-01	
3.255313e+00	7.087596e-02	4.627395e-01	5.261139e-01	1.829874e-01	4.847494e-01	2.113522e-01	9.548546e-02	1.714730e-01	
3.284294e+00	7.284983e-02	4.655582e-01	5.275000e-01	1.830542e-01	4.890880e-01	2.161390e-01	9.511273e-02	1.730011e-01	
3.313533e+00	7.511115e-02	4.670614e-01	5.279230e-01	1.830766e-01	4.930904e-01	2.237195e-01	9.472031e-02	1.744206e-01	
3.343033e+00	7.789579e-02	4.664886e-01	5.257638e-01	1.829575e-01	4.945367e-01	2.282017e-01	9.430170e-02	1.755900e-01	
3.372796e+00	8.034217e-02	4.633536e-01	5.145892e-01	1.827988e-01	4.872744e-01	2.281939e-01	9.457371e-02	1.761110e-01	
3.402823e+00	8.298154e-02	4.627819e-01	5.046150e-01	1.829162e-01	4.844790e-01	2.322283e-01	9.525077e-02	1.772814e-01	
3.433118e+00	8.555009e-02	4.636193e-01	5.053211e-01	1.831368e-01	4.908685e-01	2.431424e-01	9.597328e-02	1.790702e-01	
3.463682e+00	8.773825e-02	4.644067e-01	5.166384e-01	1.830921e-01	4.992485e-01	2.519976e-01	9.660289e-02	1.802881e-01	
3.494519e+00	8.982531e-02	4.626480e-01	5.132511e-01	1.830705e-01	4.962463e-01	2.566593e-01	9.724820e-02	1.814434e-01	
3.525630e+00	9.162800e-02	4.641914e-01	5.234568e-01	1.832009e-01	5.050686e-01	2.696823e-01	1.011761e-01	1.832607e-01	
3.557018e+00	9.320290e-02	4.643490e-01	5.292372e-01	1.831194e-01	5.070119e-01	2.779982e-01	1.071385e-01	1.846469e-01	
3.588685e+00	9.487572e-02	4.632848e-01	5.303907e-01	1.830034e-01	5.059625e-01	2.829371e-01	1.114843e-01	1.856640e-01	
3.620635e+00	9.609101e-02	4.616685e-01	5.305473e-01	1.829251e-01	5.054338e-01	2.863780e-01	1.154836e-01	1.866473e-01	
3.652869e+00	9.743456e-02	4.596805e-01	5.303486e-01	1.828545e-01	5.043944e-01	2.890832e-01	1.189617e-01	1.875224e-01	
3.685389e+00	9.862885e-02	4.576843e-01	5.301510e-01	1.827392e-01	4.999655e-01	2.905957e-01	1.224550e-01	1.884763e-01	
3.718200e+00	1.000256e-01	4.551895e-01	5.305140e-01	1.826064e-01	4.942146e-01	2.923677e-01	1.250029e-01	1.893363e-01	
3.751302e+00	1.008696e-01	4.525525e-01	5.308653e-01	1.824816e-01	4.928127e-01	2.942668e-01	1.235577e-01	1.901435e-01	
3.784699e+00	1.013826e-01	4.497976e-01	5.308141e-01	1.822598e-01	4.954400e-01	2.951097e-01	1.217026e-01	1.907701e-01	
3.818394e+00	1.020508e-01	4.471073e-01	5.297724e-01	1.820438e-01	4.946341e-01	2.959973e-01	1.198439e-01	1.911518e-01	
3.852388e+00	1.029078e-01	4.450145e-01	5.282326e-01	1.817417e-01	4.916466e-01	2.983734e-01	1.179444e-01	1.914356e-01	
3.886686e+00	1.045948e-01	4.432091e-01	5.264438e-01	1.814858e-01	4.922311e-01	3.007061e-01	1.151393e-01	1.916197e-01	
3.921288e+00	1.065584e-01	4.410487e-01	5.244205e-01	1.812266e-01	4.923172e-01	3.018748e-01	1.113696e-01	1.916841e-01	
3.956199e+00	1.082324e-01	4.382696e-01	5.221409e-01	1.809482e-01	4.881410e-01	3.022772e-01	1.080508e-01	1.915543e-01	
3.991420e+00	1.097135e-01	4.343297e-01	5.196750e-01	1.806573e-01	4.837751e-01	3.026780e-01	1.056670e-01	1.916386e-01	
4.026955e+00	1.110353e-01	4.312776e-01	5.170951e-01	1.803364e-01	4.829314e-01	3.026689e-01	1.033740e-01	1.919307e-01	
4.062806e+00	1.119753e-01	4.302076e-01	5.143419e-01	1.800012e-01	4.820695e-01	3.019689e-01	1.006663e-01	1.922094e-01	
4.098976e+00	1.123807e-01	4.277517e-01	5.113719e-01	1.796640e-01	4.759561e-01	3.006203e-01	9.822811e-02	1.921853e-01	
4.135469e+00	1.126578e-01	4.245350e-01	5.077678e-01	1.793079e-01	4.681259e-01	2.991434e-01	9.688176e-02	1.920311e-01	
4.172286e+00	1.129653e-01	4.209465e-01	5.038360e-01	1.788691e-01	4.611030e-01	2.975686e-01	9.549758e-02	1.917155e-01	
4.209431e+00	1.132326e-01	4.169600e-01	4.982556e-01	1.783063e-01	4.537685e-01	2.953958e-01	9.405926e-02	1.913878e-01	
4.246907e+00	1.132101e-01	4.106786e-01	4.887965e-01	1.775805e-01	4.486168e-01	2.927780e-01	9.255253e-02	1.906976e-01	
4.284717e+00	1.125821e-01	4.058876e-01	4.700370e-01	1.766687e-01	4.390328e-01	2.903844e-01	9.144305e-02	1.900033e-01	
4.322863e+00	1.126333e-01	4.065676e-01	4.461702e-01	1.757442e-01	4.334002e-01	2.885319e-01	9.056896e-02	1.891421e-01	
4.361348e+00	1.127253e-01	4.035840e-01	4.316140e-01	1.747033e-01	4.207362e-01	2.858482e-01	8.964585e-02	1.879785e-01	
4.400177e+00	1.131196e-01	4.003333e-01	4.201443e-01	1.736950e-01	4.036228e-01	2.825058e-01	8.873105e-02	1.861970e-01	
4.439351e+00	1.129960e-01	3.971411e-01	4.195787e-01	1.726841e-01	3.919102e-01	2.792364e-01	8.781084e-02	1.836877e-01	
4.478873e+00	1.123531e-01	3.937611e-01	4.203813e-01	1.715154e-01	3.830731e-01	2.754576e-01	8.704247e-02	1.801563e-01	
4.518748e+00	1.119337e-01	3.901282e-01	4.118758e-01	1.700699e-01	3.839693e-01	2.709444e-01	8.667283e-02	1.759213e-01	
4.558978e+00	1.116806e-01	3.853541e-01	3.951468e-01	1.682682e-01	3.878135e-01	2.651940e-01	8.619197e-02	1.718931e-01	
4.599565e+00	1.118968e-01	3.796353e-01	3.736685e-01	1.661133e-01	3.794421e-01	2.591580e-01	8.593815e-02	1.685018e-01	
4.640515e+00	1.129642e-01	3.723429e-01	3.464494e-01	1.636905e-01	3.612126e-01	2.527184e-01	8.578178e-02	1.656248e-01	
4.681828e+00	1.138270e-01	3.643811e-01	3.321027e-01	1.612724e-01	3.438105e-01	2.462571e-01	8.639167e-02	1.641057e-01	
4.723510e+00	1.147338e-01	3.570497e-01	3.187814e-01	1.589874e-01	3.460661e-01	2.388704e-01	8.821902e-02	1.630733e-01	
4.765562e+00	1.151309e-01	3.501681e-01	3.036205e-01	1.569194e-01	3.399804e-01	2.286226e-01	8.908895e-02	1.617583e-01	
4.807989e+00	1.150178e-01	3.395419e-01	2.960129e-01	1.549900e-01	3.305564e-01	2.197149e-01	9.002721e-02	1.605648e-01	
4.850794e+00	1.161684e-01	3.246210e-01	2.852357e-01	1.531007e-01	3.202139e-01	2.180318e-01	9.088601e-02	1.610848e-01	
4.893980e+00	1.161437e-01	3.009050e-01	2.710741e-01	1.511298e-01	3.118442e-01	2.137159e-01	9.160385e-02	1.608087e-01	
4.937550e+00	1.171722e-01	2.825103e-01	2.579151e-01	1.489117e-01	3.080237e-01	2.072354e-01	9.194917e-02	1.597392e-01	
4.981508e+00	1.192222e-01	2.800279e-01	2.458761e-01	1.463349e-01	3.049815e-01	2.016888e-01	9.096599e-02	1.571492e-01	
5.025857e+00	1.203645e-01	2.816840e-01	2.304859e-01	1.435308e-01	2.979093e-01	1.977887e-01	8.969757e-02	1.575823e-01	
5.070602e+00	1.214929e-01	2.765689e-01	2.182815e-01	1.405782e-01	2.873502e-01	1.963142e-01	8.833793e-02	1.589044e-01	
5.115744e+00	1.228851e-01	2.646757e-01	2.101669e-01	1.374515e-01	2.746197e-01	1.943102e-01	8.634329e-02	1.584860e-01	
5.161289e+00	1.236818e-01	2.508858e-01	1.981187e-01	1.341097e-01	2.604315e-01	1.906550e-01	8.374326e-02	1.577227e-01	
5.207239e+00	1.240784e-01	2.453332e-01	1.881075e-01	1.307085e-01	2.461875e-01	1.839721e-01	8.110687e-02	1.571360e-01	
5.253598e+00	1.238990e-01	2.482323e-01	1.793352e-01	1.274601e-01	2.335490e-01	1.748221e-01	7.852794e-02	1.566064e-01	
5.300370e+00	1.231114e-01	2.541228e-01	1.685335e-01	1.246525e-01	2.234583e-01	1.661502e-01	7.613476e-02	1.561553e-01	
5.347558e+00	1.222778e-01	2.571543e-01	1.615651e-01	1.223131e-01	2.145875e-01	1.562902e-01	7.393626e-02	1.560385e-01	
5.395166e+00	1.208562e-01	2.497214e-01	1.536318e-01	1.198020e-01	2.064946e-01	1.507962e-01	7.156830e-02	1.561682e-01	
5.443199e+00	1.190973e-01	2.428669e-01	1.476470e-01	1.174069e-01	1.984722e-01	1.474708e-01	6.923298e-02	1.560456e-01	
5.491658e+00	1.171686e-01	2.444786e-01	1.483593e-01	1.156273e-01	1.911050e-01	1.419987e-01	6.716516e-02	1.555986e-01	
5.540550e+00	1.145628e-01	2.438610e-01	1.530775e-01	1.140701e-01	1.837805e-01	1.351080e-01	6.518966e-02	1.551299e-01	
5.589876e+00	1.121357e-01	2.293726e-01	1.549901e-01	1.121128e-01	1.771724e-01	1.293990e-01	6.295946e-02	1.543281e-01	
5.639642e+00	1.096756e-01	2.223599e-01	1.521872e-01	1.099605e-01	1.714250e-01	1.212581e-01	6.059404e-02	1.535535e-01	
5.689851e+00	1.060544e-01	2.281687e-01	1.465253e-01	1.082954e-01	1.696934e-01	1.136013e-01	5.888328e-02	1.521830e-01	
5.740506e+00	1.030703e-01	2.343347e-01	1.406806e-01	1.066912e-01	1.679368e-01	1.051745e-01	5.756200e-02	1.503336e-01	
5.791613e+00	1.007887e-01	2.330414e-01	1.329593e-01	1.042632e-01	1.646869e-01	9.768785e-02	5.606348e-02	1.469656e-01	
5.843175e+00	9.844486e-02	2.306321e-01	1.247252e-01	1.013980e-01	1.626521e-01	9.429821e-02	5.456291e-02	1.434369e-01	
5.895195e+00	9.776215e-02	2.262052e-01	1.167231e-01	9.831573e-02	1.576942e-01	8.589288e-02	5.295718e-02	1.392389e-01	
5.947679e+00	9.472330e-02	2.149256e-01	1.090410e-01	9.517361e-02	1.540558e-01	7.731463e-02	5.132585e-02	1.343738e-01	
6.000630e+00	9.098837e-02	2.054137e-01	1.025021e-01	9.252435e-02	1.465833e-01	6.731900e-02	5.002549e-02	1.292099e-01	
6.054053e+00	8.699412e-02	2.189722e-01	9.893791e-02	9.069132e-02	1.406018e-01	5.632354e-02	4.910295e-02	1.245363e-01	
6.107951e+00	8.817401e-02	2.355468e-01	9.786593e-02	8.956944e-02	1.391012e-01	4.653540e-02	4.854111e-02	1.216954e-01	
6.162329e+00	9.443389e-02	2.367984e-01	9.674160e-02	8.880917e-02	1.368596e-01	4.226525e-02	4.830013e-02	1.220623e-01	
6.217191e+00	1.005134e-01	2.333694e-01	9.644866e-02	8.885825e-02	1.354487e-01	4.929975e-02	4.845266e-02	1.235685e-01	
6.272542e+00	1.061613e-01	2.331510e-01	9.580897e-02	8.913162e-02	1.342210e-01	6.332594e-02	4.870922e-02	1.221844e-01	
6.328385e+00	1.107456e-01	2.390729e-01	9.481946e-02	8.957070e-02	1.347455e-01	7.151935e-02	4.903228e-02	1.170159e-01	
6.384726e+00	1.141715e-01	2.475427e-01	9.522754e-02	9.018396e-02	1.358804e-01	7.449589e-02	4.941077e-02	1.099565e-01	
6.441568e+00	1.164736e-01	2.522546e-01	9.524018e-02	9.046582e-02	1.367210e-01	7.814503e-02	4.963832e-02	1.036133e-01	
6.498916e+00	1.160775e-01	2.524983e-01	9.361719e-02	9.032080e-02	1.359994e-01	8.495198e-02	4.967105e-02	9.944811e-02	
6.556774e+00	1.126697e-01	2.497311e-01	9.252689e-02	8.995456e-02	1.342823e-01	9.128410e-02	4.960324e-02	9.757254e-02	
6.615148e+00	1.083364e-01	2.479974e-01	9.089830e-02	8.937248e-02	1.303622e-01	9.338202e-02	4.943694e-02	9.785630e-02	
6.674042e+00	1.025869e-01	2.478140e-01	8.989858e-02	8.906796e-02	1.282994e-01	9.245925e-02	4.939892e-02	9.971121e-02	
6.733460e+00	1.027433e-01	2.418938e-01	8.943903e-02	8.891571e-02	1.241878e-01	8.884044e-02	4.943163e-02	1.022823e-01	
6.793406e+00	1.081155e-01	2.344142e-01	8.772195e-02	8.830077e-02	1.181187e-01	8.279856e-02	4.925237e-02	1.039711e-01	
6.853887e+00	1.138988e-01	2.308566e-01	8.580253e-02	8.737980e-02	1.142612e-01	7.621124e-02	4.893268e-02	1.035236e-01	
6.914906e+00	1.174515e-01	2.254219e-01	8.463622e-02	8.624079e-02	1.120334e-01	6.937480e-02	4.851247e-02	1.049664e-01	
6.976468e+00	1.202859e-01	2.167085e-01	8.275100e-02	8.455323e-02	1.073042e-01	6.332409e-02	4.783853e-02	1.042577e-01	
7.038578e+00	1.221088e-01	2.075535e-01	8.020289e-02	8.251132e-02	1.013472e-01	5.936732e-02	4.699914e-02	1.055943e-01	
7.101241e+00	1.224914e-01	2.031730e-01	7.732316e-02	8.019326e-02	9.542293e-02	5.727265e-02	4.602915e-02	1.114136e-01	
7.164462e+00	1.240004e-01	1.975698e-01	7.437361e-02	7.757229e-02	8.743829e-02	5.465009e-02	4.491491e-02	1.160904e-01	
7.228246e+00	1.242258e-01	1.909156e-01	7.053239e-02	7.461920e-02	7.972203e-02	5.180633e-02	4.364139e-02	1.191775e-01	
7.292598e+00	1.247216e-01	1.844527e-01	6.659217e-02	7.136580e-02	7.197039e-02	4.892354e-02	4.222185e-02	1.208409e-01	
7.357523e+00	1.251566e-01	1.734137e-01	6.261994e-02	6.779344e-02	6.421856e-02	4.563228e-02	4.061343e-02	1.203597e-01	
7.423025e+00	1.259388e-01	1.629849e-01	5.847671e-02	6.392236e-02	5.700636e-02	4.170734e-02	3.885262e-02	1.189086e-01	
7.489111e+00	1.266792e-01	1.533662e-01	5.387653e-02	5.981908e-02	5.050338e-02	3.793526e-02	3.697397e-02	1.163152e-01	
7.555786e+00	1.271460e-01	1.445127e-01	4.925087e-02	5.558912e-02	4.632021e-02	3.415483e-02	3.503252e-02	1.129904e-01	
7.623053e+00	1.285506e-01	1.387220e-01	4.469534e-02	5.111206e-02	4.944811e-02	3.102218e-02	3.296631e-02	1.087692e-01	
7.690920e+00	1.297385e-01	1.322856e-01	3.957740e-02	4.636583e-02	6.165615e-02	2.792594e-02	3.078366e-02	1.041725e-01	
7.759391e+00	1.318540e-01	1.222617e-01	3.457723e-02	4.156838e-02	8.098657e-02	2.472889e-02	2.874123e-02	9.884051e-02	
7.828471e+00	1.344087e-01	1.114213e-01	2.916079e-02	3.693010e-02	1.020746e-01	2.131996e-02	2.678098e-02	9.334725e-02	
7.898167e+00	1.381765e-01	9.954246e-02	2.423038e-02	3.289428e-02	1.366718e-01	1.839189e-02	2.486933e-02	8.889948e-02	
7.968483e+00	1.425998e-01	8.474413e-02	1.990757e-02	2.968937e-02	1.813949e-01	1.601957e-02	2.329072e-02	8.563788e-02	
8.039425e+00	1.472902e-01	7.099805e-02	1.720512e-02	2.839698e-02	2.209845e-01	1.431808e-02	2.270147e-02	8.297863e-02	
8.110998e+00	1.492307e-01	6.002005e-02	1.761910e-02	3.037518e-02	2.657516e-01	1.292696e-02	2.376706e-02	8.091447e-02	
8.183209e+00	1.457616e-01	5.033518e-02	2.936711e-02	3.716965e-02	3.060042e-01	1.209431e-02	2.718543e-02	7.995304e-02	
8.256063e+00	1.432249e-01	4.311201e-02	6.239251e-02	4.780437e-02	3.173329e-01	1.123964e-02	3.237727e-02	8.047053e-02	
8.329565e+00	1.416648e-01	3.748199e-02	1.086548e-01	5.575819e-02	3.163610e-01	1.161301e-02	3.621577e-02	8.008476e-02	
8.403722e+00	1.397333e-01	3.209085e-02	1.461021e-01	5.844025e-02	3.121868e-01	1.237862e-02	3.750021e-02	7.825161e-02	
8.478538e+00	1.358230e-01	2.867645e-02	1.765216e-01	5.974044e-02	3.059237e-01	1.445050e-02	3.805514e-02	7.623123e-02	
8.554021e+00	1.296721e-01	2.879298e-02	1.877666e-01	6.087284e-02	2.856543e-01	1.830004e-02	3.851183e-02	7.482380e-02	
8.630176e+00	1.272024e-01	3.417939e-02	1.845145e-01	6.214593e-02	2.377158e-01	2.389457e-02	3.904183e-02	7.397430e-02	
8.707009e+00	1.277258e-01	4.875995e-02	1.766891e-01	6.303207e-02	2.851655e-01	3.129965e-02	3.946432e-02	7.411112e-02	
8.784526e+00	1.230258e-01	5.977350e-02	1.680040e-01	6.377873e-02	3.005493e-01	3.746481e-02	3.956051e-02	7.412984e-02	
8.862733e+00	1.178097e-01	6.543230e-02	1.537249e-01	6.478333e-02	3.155780e-01	4.156044e-02	3.968421e-02	7.476529e-02	
8.941637e+00	1.141593e-01	6.355288e-02	1.408090e-01	6.500581e-02	3.292803e-01	4.544009e-02	3.945629e-02	7.467373e-02	
9.021242e+00	1.127431e-01	7.390920e-02	1.345109e-01	6.345421e-02	3.406211e-01	5.334803e-02	3.864673e-02	7.228485e-02	
9.101557e+00	1.141592e-01	8.732454e-02	1.241695e-01	6.076149e-02	3.522078e-01	6.005616e-02	3.729172e-02	6.930570e-02	
9.182586e+00	1.166953e-01	1.054235e-01	1.047594e-01	5.761624e-02	3.611222e-01	6.117251e-02	3.571551e-02	6.582494e-02	
9.264337e+00	1.175887e-01	1.353956e-01	9.663950e-02	5.596734e-02	3.645175e-01	6.172216e-02	3.484612e-02	6.579064e-02	
9.346816e+00	1.163258e-01	1.715456e-01	9.398734e-02	5.634960e-02	3.236584e-01	6.835527e-02	3.494611e-02	6.654298e-02	
9.430029e+00	1.195331e-01	1.852547e-01	9.911693e-02	5.773703e-02	2.537355e-01	7.892629e-02	3.552984e-02	6.759864e-02	
9.513983e+00	1.294849e-01	1.854192e-01	1.261843e-01	6.011589e-02	2.161492e-01	8.544291e-02	3.666337e-02	6.892883e-02	
9.598684e+00	1.380626e-01	1.822186e-01	1.561941e-01	6.294731e-02	1.971162e-01	9.023395e-02	3.801129e-02	7.059196e-02	
9.684140e+00	1.208157e-01	1.777476e-01	1.629818e-01	6.584996e-02	1.858455e-01	9.505751e-02	3.882126e-02	7.005338e-02	
9.770356e+00	1.125751e-01	1.738878e-01	1.609279e-01	6.822113e-02	1.765093e-01	1.012355e-01	3.891719e-02	6.934412e-02	
9.857339e+00	1.060157e-01	1.707398e-01	1.563173e-01	6.996808e-02	1.679913e-01	1.019909e-01	3.895557e-02	6.931445e-02	
9.945098e+00	9.696597e-02	1.709284e-01	1.484271e-01	7.121419e-02	1.598202e-01	1.015753e-01	3.905772e-02	6.947790e-02	
1.003364e+01	9.374062e-02	1.762521e-01	1.506508e-01	7.137680e-02	1.518588e-01	1.021224e-01	3.864758e-02	6.916707e-02	
1.012296e+01	9.276170e-02	2.025642e-01	1.621189e-01	7.066014e-02	1.448649e-01	1.021188e-01	3.783337e-02	6.846886e-02	
1.021309e+01	9.256358e-02	2.122128e-01	1.663927e-01	7.028033e-02	1.405890e-01	9.993309e-02	3.740932e-02	6.748579e-02	
1.030401e+01	9.269545e-02	1.942954e-01	1.742867e-01	7.159421e-02	1.392688e-01	9.760777e-02	3.780682e-02	6.721640e-02	
1.039575e+01	9.338117e-02	2.010601e-01	1.903370e-01	7.394089e-02	1.380687e-01	9.348828e-02	3.868185e-02	6.758496e-02	
1.048830e+01	9.387052e-02	2.576557e-01	2.063182e-01	7.540688e-02	1.379637e-01	8.578205e-02	3.919743e-02	6.781870e-02	
1.058167e+01	9.412662e-02	2.834690e-01	2.142954e-01	7.624990e-02	1.370613e-01	7.765960e-02	3.947665e-02	6.755134e-02	
1.067588e+01	9.542497e-02	2.786868e-01	2.122437e-01	7.625347e-02	1.373805e-01	7.147381e-02	3.940376e-02	6.687013e-02	
1.077093e+01	9.646106e-02	2.673423e-01	2.098768e-01	7.562609e-02	1.373722e-01	6.469719e-02	3.934565e-02	6.598473e-02	
1.086682e+01	9.681606e-02	2.508051e-01	1.996189e-01	7.337557e-02	1.366318e-01	5.979198e-02	3.882485e-02	6.432552e-02	
1.096356e+01	9.722094e-02	2.368486e-01	1.967781e-01	6.973753e-02	1.351008e-01	5.861017e-02	3.765488e-02	6.238815e-02	
1.106117e+01	9.823140e-02	2.278107e-01	1.908520e-01	6.614036e-02	1.338070e-01	6.063725e-02	3.649862e-02	6.013876e-02	
1.115965e+01	9.889953e-02	2.246285e-01	1.780512e-01	6.272761e-02	1.323744e-01	6.304663e-02	3.542438e-02	5.816971e-02	
1.125900e+01	9.928524e-02	2.202931e-01	1.630741e-01	5.931520e-02	1.315579e-01	6.485694e-02	3.438498e-02	5.602892e-02	
1.135924e+01	9.943309e-02	2.073477e-01	1.491945e-01	5.579386e-02	1.310154e-01	6.577627e-02	3.334896e-02	5.402578e-02	
1.146036e+01	9.869274e-02	1.815637e-01	1.405627e-01	5.289520e-02	1.303471e-01	6.585293e-02	3.258184e-02	5.193726e-02	
1.156239e+01	9.703412e-02	1.489185e-01	1.338187e-01	5.032843e-02	1.290072e-01	6.440758e-02	3.162673e-02	5.006402e-02	
1.166533e+01	9.484489e-02	1.304225e-01	1.289404e-01	4.844932e-02	1.278639e-01	6.219949e-02	3.094342e-02	4.841165e-02	
1.176919e+01	9.260476e-02	1.220687e-01	1.242049e-01	4.717808e-02	1.274370e-01	5.961545e-02	3.069245e-02	4.693937e-02	
1.187397e+01	9.052825e-02	1.269975e-01	1.202114e-01	4.669822e-02	1.264877e-01	5.721695e-02	3.083388e-02	4.643220e-02	
1.197968e+01	8.763024e-02	1.344081e-01	1.175396e-01	4.698678e-02	1.264306e-01	5.419818e-02	3.135111e-02	4.595446e-02	
1.208633e+01	8.565159e-02	1.311099e-01	1.145849e-01	4.775266e-02	1.230921e-01	4.823451e-02	3.210358e-02	4.545576e-02	
1.219393e+01	8.324710e-02	1.285108e-01	1.115751e-01	4.786743e-02	1.160608e-01	4.100117e-02	3.243342e-02	4.446620e-02	
1.230249e+01	8.191184e-02	1.266603e-01	1.075072e-01	4.544815e-02	1.152569e-01	3.721894e-02	3.135161e-02	4.270622e-02	
1.241202e+01	8.071808e-02	1.247660e-01	1.022751e-01	4.124332e-02	1.527879e-01	3.580420e-02	2.939166e-02	3.972649e-02	
1.252252e+01	7.955232e-02	1.229363e-01	9.560988e-02	3.701625e-02	1.598229e-01	3.485537e-02	2.740676e-02	3.678240e-02	
1.263401e+01	7.892863e-02	1.212549e-01	8.789484e-02	3.390789e-02	1.441593e-01	3.244532e-02	2.596144e-02	3.462806e-02	
1.274649e+01	8.088400e-02	1.194558e-01	7.881071e-02	3.195003e-02	1.552505e-01	3.100691e-02	2.510528e-02	3.276208e-02	
1.285997e+01	8.241321e-02	1.175275e-01	7.238542e-02	3.103881e-02	1.486368e-01	2.876271e-02	2.489835e-02	3.129563e-02	
1.297446e+01	8.242378e-02	1.145340e-01	7.692683e-02	3.097550e-02	1.332891e-01	2.751271e-02	2.503199e-02	2.990481e-02	
1.308996e+01	8.326761e-02	1.092526e-01	8.221486e-02	3.093213e-02	1.257211e-01	2.666085e-02	2.494795e-02	2.913398e-02	
1.320650e+01	8.441479e-02	1.003961e-01	8.998506e-02	3.111816e-02	1.225655e-01	2.512273e-02	2.497667e-02	2.770873e-02	
1.332408e+01	8.570904e-02	8.674701e-02	8.565518e-02	3.088321e-02	1.212496e-01	2.265417e-02	2.479718e-02	2.640073e-02	
1.344270e+01	8.565323e-02	7.133008e-02	7.838294e-02	3.038723e-02	1.201745e-01	2.020091e-02	2.453799e-02	2.482928e-02	
1.356238e+01	8.606291e-02	6.585115e-02	7.346541e-02	3.026658e-02	1.198561e-01	1.870157e-02	2.453264e-02	2.354286e-02	
1.368312e+01	8.652916e-02	5.775551e-02	7.813016e-02	3.033946e-02	1.192487e-01	1.716118e-02	2.469185e-02	2.267665e-02	
1.380494e+01	8.712263e-02	5.749098e-02	8.342623e-02	3.022533e-02	1.179608e-01	1.533976e-02	2.448046e-02	2.172192e-02	
1.392784e+01	8.776453e-02	6.348554e-02	7.932032e-02	2.956819e-02	1.177705e-01	1.350611e-02	2.426917e-02	2.040936e-02	
1.405184e+01	8.862204e-02	6.658326e-02	7.246495e-02	2.865494e-02	1.167697e-01	1.165361e-02	2.405797e-02	1.917138e-02	
1.417694e+01	9.003808e-02	6.375656e-02	6.551862e-02	2.781328e-02	1.151320e-01	1.087190e-02	2.384687e-02	1.801542e-02	
1.430315e+01	9.178886e-02	5.645479e-02	6.524783e-02	2.709585e-02	1.168785e-01	1.092819e-02	2.363586e-02	1.746381e-02	
1.443049e+01	9.385086e-02	4.861789e-02	6.544391e-02	2.656538e-02	1.273559e-01	1.226063e-02	2.342494e-02	1.781529e-02	
1.455896e+01	9.638404e-02	4.362391e-02	6.733125e-02	2.642369e-02	1.243482e-01	1.574291e-02	2.321412e-02	1.927706e-02	
1.468858e+01	9.917634e-02	4.103616e-02	6.593750e-02	2.623277e-02	1.220638e-01	1.986633e-02	2.300339e-02	2.290825e-02	
1.481935e+01	1.033927e-01	3.995491e-02	6.521870e-02	2.614253e-02	1.206532e-01	2.726023e-02	2.279275e-02	3.150480e-02	
1.495128e+01	1.024743e-01	4.040881e-02	6.873418e-02	2.618028e-02	1.201829e-01	3.831484e-02	2.258220e-02	4.651250e-02	
1.508439e+01	9.436985e-02	3.757907e-02	7.383560e-02	2.664495e-02	1.191420e-01	4.981367e-02	2.237175e-02	6.848536e-02	
1.521869e+01	8.882877e-02	3.721165e-02	7.488261e-02	2.781135e-02	1.196516e-01	5.766578e-02	2.216140e-02	9.384698e-02	
1.535418e+01	8.802476e-02	4.929573e-02	9.233473e-02	3.229980e-02	1.223750e-01	6.152623e-02	2.195113e-02	1.147086e-01	
1.549087e+01	9.002375e-02	7.004607e-02	1.297441e-01	3.891803e-02	1.251454e-01	6.422622e-02	2.174096e-02	1.291260e-01	
1.562878e+01	9.314237e-02	9.084561e-02	1.536446e-01	4.432085e-02	1.276427e-01	6.573939e-02	2.153088e-02	1.365244e-01	
1.576792e+01	9.757248e-02	1.064746e-01	1.602067e-01	4.790991e-02	1.291169e-01	6.716338e-02	2.132090e-02	1.417192e-01	
1.590830e+01	9.953283e-02	1.139466e-01	1.618795e-01	4.986229e-02	1.316201e-01	6.603949e-02	2.111100e-02	1.461514e-01	
1.604993e+01	9.665291e-02	1.153235e-01	1.584362e-01	5.102603e-02	1.338987e-01	6.355638e-02	2.090121e-02	1.510318e-01	
1.619282e+01	9.533188e-02	1.124234e-01	1.431084e-01	5.165533e-02	1.341693e-01	5.942313e-02	2.069150e-02	1.558985e-01	
1.633698e+01	9.922867e-02	1.067531e-01	1.325934e-01	5.341083e-02	1.388376e-01	5.330704e-02	2.048189e-02	1.601489e-01	
1.648243e+01	1.033831e-01	9.947480e-02	1.458469e-01	5.614488e-02	1.418875e-01	4.597657e-02	2.027237e-02	1.641687e-01	
1.662917e+01	1.053516e-01	9.246728e-02	1.562721e-01	5.833696e-02	1.435737e-01	3.879494e-02	2.006294e-02	1.679213e-01	
1.677722e+01	1.091704e-01	8.585679e-02	1.553141e-01	5.977272e-02	1.448628e-01	3.394435e-02	1.985361e-02	1.702096e-01	
1.692658e+01	1.118042e-01	8.203325e-02	1.717875e-01	6.033786e-02	1.460659e-01	3.213052e-02	1.964437e-02	1.724542e-01	
1.707727e+01	1.095421e-01	8.444890e-02	1.874144e-01	5.956075e-02	1.460905e-01	3.151043e-02	1.943523e-02	1.749274e-01	
1.722931e+01	1.053181e-01	9.393395e-02	1.843240e-01	5.818099e-02	1.459274e-01	3.394574e-02	1.922617e-02	1.782451e-01	
1.738270e+01	1.031163e-01	1.083645e-01	1.721854e-01	5.751487e-02	1.473984e-01	3.774099e-02	1.901721e-02	1.817397e-01	
1.753745e+01	1.022806e-01	1.256815e-01	1.657458e-01	5.726428e-02	1.499005e-01	4.353765e-02	1.880835e-02	1.838619e-01	
1.769359e+01	1.014273e-01	1.414751e-01	1.639634e-01	5.556100e-02	1.538915e-01	5.062951e-02	1.859957e-02	1.848872e-01	
1.785111e+01	1.011272e-01	1.519396e-01	1.566232e-01	5.353695e-02	1.625309e-01	5.681963e-02	1.839089e-02	1.858641e-01	
1.801004e+01	1.017679e-01	1.609579e-01	1.460850e-01	5.301566e-02	1.863251e-01	6.271722e-02	1.818231e-02	1.873779e-01	
1.817038e+01	1.028211e-01	1.727474e-01	1.458892e-01	5.572884e-02	2.132860e-01	6.696713e-02	1.797381e-02	1.894100e-01	
1.833214e+01	1.028751e-01	1.810971e-01	1.545084e-01	6.123569e-02	2.198422e-01	6.983002e-02	1.776541e-02	1.908339e-01	
1.849535e+01	1.026936e-01	1.809005e-01	1.634422e-01	6.458810e-02	2.143240e-01	7.154988e-02	1.755710e-02	1.904660e-01	
1.866001e+01	1.029254e-01	1.857757e-01	1.611364e-01	6.282757e-02	2.064039e-01	7.513910e-02	1.734889e-02	1.874140e-01	
1.882614e+01	1.030355e-01	2.014474e-01	1.494843e-01	5.889180e-02	2.005805e-01	8.017813e-02	1.714077e-02	1.801960e-01	
1.899374e+01	1.032174e-01	2.104208e-01	1.372296e-01	5.639774e-02	1.986671e-01	8.464372e-02	1.693274e-02	1.714000e-01	
1.916284e+01	1.024275e-01	2.066715e-01	1.302048e-01	5.525269e-02	2.061699e-01	9.049579e-02	1.672481e-02	1.594271e-01	
1.933345e+01	1.009021e-01	2.001846e-01	1.257693e-01	5.436313e-02	2.248872e-01	9.831079e-02	1.651696e-02	1.439430e-01	
1.950557e+01	9.939902e-02	1.917713e-01	1.208317e-01	5.324835e-02	2.639240e-01	1.087956e-01	1.630922e-02	1.253119e-01	
1.967922e+01	9.815081e-02	1.856563e-01	1.181869e-01	5.205273e-02	3.248926e-01	1.190511e-01	1.610156e-02	1.083363e-01	
1.985442e+01	9.683147e-02	1.836801e-01	1.141709e-01	5.090276e-02	3.659378e-01	1.255660e-01	1.589400e-02	9.448594e-02	
2.003118e+01	9.726322e-02	1.727328e-01	1.084230e-01	4.897951e-02	3.835643e-01	1.315056e-01	1.568653e-02	8.710303e-02	
2.020952e+01	9.612251e-02	1.515096e-01	1.029161e-01	4.710727e-02	3.951116e-01	1.400136e-01	1.547915e-02	9.659316e-02	
2.038944e+01	9.534912e-02	1.297672e-01	9.938274e-02	4.604106e-02	4.024030e-01	1.503400e-01	1.527187e-02	1.178211e-01	
2.057096e+01	9.401374e-02	1.114591e-01	1.077902e-01	4.702028e-02	4.060692e-01	1.571805e-01	1.506468e-02	1.375545e-01	
2.075410e+01	9.395397e-02	1.018831e-01	1.159044e-01	4.787198e-02	4.055882e-01	1.622293e-01	1.485759e-02	1.503215e-01	
2.093887e+01	9.198836e-02	1.059044e-01	1.117070e-01	4.774483e-02	4.041303e-01	1.670436e-01	1.465058e-02	1.569132e-01	
2.112529e+01	8.993228e-02	1.132335e-01	1.075318e-01	4.801440e-02	3.979334e-01	1.707466e-01	1.444367e-02	1.606397e-01	
2.131336e+01	8.989273e-02	1.174034e-01	1.089446e-01	4.847464e-02	3.882525e-01	1.717098e-01	1.423686e-02	1.620227e-01	
2.150311e+01	8.711919e-02	1.146607e-01	1.087121e-01	4.854249e-02	3.768300e-01	1.693830e-01	1.403014e-02	1.609906e-01	
2.169455e+01	8.218563e-02	1.088079e-01	1.035298e-01	4.787241e-02	3.629511e-01	1.648625e-01	1.382351e-02	1.584491e-01	
2.188769e+01	8.026556e-02	1.139815e-01	9.759874e-02	4.667900e-02	3.536276e-01	1.588149e-01	1.361697e-02	1.557586e-01	
2.208255e+01	7.408824e-02	1.337433e-01	9.260020e-02	4.568042e-02	3.439148e-01	1.581926e-01	1.341053e-02	1.526702e-01	
2.227915e+01	6.911341e-02	1.599145e-01	8.715904e-02	4.553625e-02	3.179785e-01	1.621898e-01	1.320418e-02	1.504361e-01	
2.247750e+01	5.824014e-02	1.800564e-01	8.350232e-02	4.722203e-02	2.909137e-01	1.644483e-01	1.299792e-02	1.477547e-01	
2.267761e+01	4.801318e-02	1.883011e-01	8.340904e-02	5.008667e-02	2.760788e-01	1.602854e-01	1.279176e-02	1.460546e-01	
2.287951e+01	6.448663e-02	1.946292e-01	9.455336e-02	5.451178e-02	2.664977e-01	1.511332e-01	1.258569e-02	1.433863e-01	
2.308320e+01	1.151456e-01	2.092737e-01	1.133966e-01	5.993708e-02	2.616546e-01	1.357769e-01	1.237971e-02	1.370156e-01	
2.328870e+01	1.471836e-01	2.276701e-01	1.308113e-01	6.408766e-02	2.568887e-01	1.208463e-01	1.217383e-02	1.295876e-01	
2.349604e+01	1.720457e-01	2.399459e-01	1.350491e-01	6.618601e-02	2.557683e-01	1.190221e-01	1.196804e-02	1.219457e-01	
2.370522e+01	1.941515e-01	2.461516e-01	1.308277e-01	6.760467e-02	2.500740e-01	1.188678e-01	1.176235e-02	1.154593e-01	
2.391626e+01	2.122624e-01	2.470659e-01	1.251518e-01	6.834894e-02	2.487522e-01	1.126435e-01	1.155674e-02	1.088397e-01	
2.412919e+01	2.296228e-01	2.431353e-01	1.260901e-01	6.848630e-02	2.494884e-01	1.088924e-01	1.135123e-02	1.050465e-01	
2.434400e+01	2.428110e-01	2.266861e-01	1.238412e-01	6.833555e-02	2.424396e-01	1.112050e-01	1.114582e-02	1.019398e-01	
2.456073e+01	2.572556e-01	2.055099e-01	1.228531e-01	6.880220e-02	2.247738e-01	1.122339e-01	1.094050e-02	1.031768e-01	
2.477939e+01	2.729710e-01	1.896490e-01	1.271410e-01	7.166962e-02	1.757802e-01	9.667149e-02	1.073527e-02	1.093157e-01	
2.500000e+01	2.902597e-01	1.809904e-01	1.288080e-01	7.178970e-02	7.946974e-03	4.401931e-02	1.053013e-02	1.136546e-01	
